1492: Conquest of Paradise
15 Minutes
Abyss, The
Adjustment Bureau, The
American Outlaws
Birthday Girl
Natural Born Killers
O Brother Where Art Thou?
What About Bob?
Who Framed Roger Rabbit?
